0.077924 15
0.070135 22
0.000636 19
16.824178 81
0.121624 25
6.866734 2
1.240416 76
0.077577 45
7.889421 2
0.976468 37
0.076856 29
0.003008 1
1.507596 1
0.092458 1
0.290313 1
0.324660 1
0.121478 2
0.401271 687
0.009885 29
12.245806 2
0.996999 626
0.027834 29
0.025232 31
9.320040 2
1.598515 29
0.030171 1
7.794220 1
0.076846 1
0.378680 1
0.275942 1
0.119430 2
0.476995 691
0.007789 60
18.689268 2
0.954810 98
0.005897 92
0.001800 165
0.003283 38
0.001549 58
0.012334 118
0.323176 207
0.021377 546
0.044595 33
0.012034 38
0.965588 97
0.025594 43
0.504586 201
28.188301 116
0.374289 1
4.102555 1
0.081985 1
0.327629 1
0.314571 1
0.339353 1
0.139738 2
0.145640 2
0.440094 372
0.024872 14
0.000443 74
21.829758 2
0.842972 29
0.017376 14
9.262571 15
0.120292 22
0.000559 38
9.582191 2
0.849644 40
0.234084 60
0.096642 67
0.015796 35
0.918096 116
14.243794 2
1.241744 106
0.114565 94
0.454399 95
0.055078 92
0.010108 105
0.008922 98
0.041693 94
0.129537 95
0.025109 92
0.006077 105
0.007329 98
0.010737 32
0.104313 39
0.008432 32
0.021189 31
0.355850 36
1.830374 30
0.575464 44
0.067055 52
0.002666 33
0.002603 42
0.145321 24
1.570614 31
6.995506 44
0.090839 34
0.002505 53
0.002199 32
0.056367 34
0.011568 40
0.011251 36
0.014562 38
0.017522 49
0.021398 42
0.298873 39
0.022564 35
0.025590 36
0.396995 32
0.005200 34
0.072401 36
0.031474 32
0.066792 60
0.097637 65
0.306635 43
0.019264 47
0.882187 27
0.042681 32
0.187441 25
0.003326 30
0.144832 56
0.002846 46
0.010643 47
0.002802 29
0.004704 34
5.462974 92
4.632918 36
0.079964 1
3.994299 1
0.306749 1
0.385389 1
2.716998 1
0.350868 1
0.220059 4
0.362506 1
0.853548 1
0.172755 1
0.843054 1
0.138789 1
0.682457 1
0.204866 3
0.237202 1
1.032496 1
0.312494 1
2.319787 1
0.184544 1
0.530047 1
0.144539 4
0.613321 4
0.168764 1
0.436640 3
0.235346 1
1.073359 4
0.230697 4
0.540134 2
0.851518 15
0.013955 78
0.000979 909
0.000549 2
3.273226 2
0.513040 2
0.031333 2
0.034069 2
0.035696 2
0.030670 2
0.030706 2
0.030935 2
0.030678 2
0.030657 2
0.031319 2
0.034410 2
0.063223 2
0.010659 2
0.030788 2
0.030777 2
0.031222 2
0.031665 2
0.031300 2
0.029997 2
0.031217 2
0.030347 2
0.031374 2
0.053727 2
0.007439 2
0.035230 2
0.055184 2
0.002869 2
0.045890 2
0.014461 2
0.030859 62
0.431990 2
0.914795 2
0.530593 2
0.056527 2
0.004681 2
0.058866 2
0.002858 2
0.058891 2
0.002387 2
0.059680 2
0.002034 51
0.060509 50
0.000996 71
0.061888 93
0.031035 65
0.065441 53
0.004202 63
0.056080 63
0.005915 67
0.056624 59
0.004137 59
0.060134 67
0.002124 68
0.036414 51
0.036175 50
0.063531 48
0.002491 72
0.059300 91
0.002176 71
0.061810 62
0.000845 133
0.061624 53
0.030427 67
0.062246 82
0.030509 48
0.030439 83
0.031018 68
0.030903 68
0.030413 81
0.031167 48
0.053235 83
0.008112 83
0.030604 74
0.031010 84
0.031163 70
0.030350 66
0.034965 87
0.035500 56
0.062417 83
0.060854 83
0.030849 302
0.030601 59
0.062691 68
0.008139 60
0.037003 66
0.030826 59
0.030569 70
0.030878 97
0.031859 217
0.030192 53
0.030792 126
0.030836 51
0.054008 331
0.008083 98
0.031212 7
0.687278 7
0.523187 7
0.060506 7
0.000771 7
0.062038 7
0.030696 7
0.030355 7
0.031867 7
0.063330 7
0.004510 7
0.032969 7
0.058216 7
0.002327 2
0.438684 4
0.519957 2
0.032485 2
0.030825 2
0.030351 2
0.031720 2
0.030082 2
0.515308 2
0.521139 4
0.031055 2
0.031728 2
0.035239 2
0.036937 6
0.034700 50
0.030968 241
0.030561 81
0.055004 48
0.008166 87
0.030254 85
0.030862 48
0.051754 90
0.009648 88
0.055892 48
0.005575 87
0.032318 87
0.060801 84
0.030582 126
0.055290 125
0.006294 78
0.059120 82
0.002162 48
0.057798 84
0.003789 138
0.061668 114
0.034658 86
0.349116 2
0.514178 82
0.030659 1
0.051971 1
0.009918 1
0.031426 1
0.029791 1
0.034520 1
0.035830 1
0.037454 2
0.054714 1
0.030858 1
0.030538 1
0.031119 1
0.035286 1
0.036227 1
0.037737 1
0.030369 1
0.031330 7
0.288740 7
0.521378 7
0.031083 7
0.031289 7
0.032529 7
0.036633 7
0.062122 7
0.007092 7
0.030558 7
0.056997 7
0.007289 7
0.028880 7
0.058535 7
0.002624 7
0.047101 7
0.015107 7
0.030274 7
0.060014 7
0.001869 7
0.062539 7
0.060544 7
0.164588 7
0.157909 7
0.138600 1
0.473436 1
0.345423 1
0.371167 7
0.247210 1
0.185873 6
0.377913 7
0.452460 4
0.410521 1
0.539122 1
0.057970 1
0.003691 1
0.058124 1
0.002570 1
0.059912 1
0.002171 1
0.030807 1
0.059827 1
0.002340 1
0.030220 1
0.031158 2
0.061067 1
0.030850 1
0.031080 1
0.030545 1
0.030410 1
0.030910 1
0.035197 1
0.060947 1
0.004362 1
0.059188 1
0.002884 8
0.035747 8
0.642184 1
0.191149 1
0.539359 1
0.060108 1
0.001095 1
0.058427 1
0.003047 2
0.062691 2
0.060924 2
0.062404 1
0.029650 1
0.030941 2
0.061482 1
0.030779 1
0.047982 1
0.013107 1
0.033130 1
0.035872 1
0.061218 1
0.001935 1
0.058313 1
0.003204 1
0.058754 1
0.002748 1
0.061580 1
0.008605 1
0.036516 2
0.062596 1
0.030937 1
0.031132 1
0.031018 1
0.030898 1
0.030712 1
0.031140 1
0.030716 1
0.030623 1
0.030888 1
0.030885 1
0.030720 1
0.030924 1
0.030504 1
0.031169 1
0.030548 1
0.030845 1
0.045642 1
0.016036 1
0.031066 1
0.054720 1
0.007260 1
0.035838 1
0.033370 1
0.030880 1
0.030565 1
0.030907 1
0.031068 1
0.030895 1
0.031691 1
0.036230 1
0.037650 1
0.033062 1
0.030527 1
0.030510 1
0.031506 1
0.032598 1
0.054597 1
0.005758 1
0.053783 1
0.007366 1
0.031358 1
0.056288 1
0.004847 1
0.058182 1
0.003319 1
0.059185 1
0.002350 1
0.059614 1
0.002188 2
0.061328 1
0.031687 1
0.030041 1
0.061970 1
0.003986 1
0.060124 1
0.005536 1
0.031406 1
0.030029 1
0.048321 2
0.013991 1
0.030577 1
0.036653 1
0.036418 1
0.069696 1
0.000314 1
0.055243 1
0.003311 1
0.059105 1
0.003456 1
0.059105 1
0.003268 1
0.058560 1
0.001854 1
0.030844 1
0.031210 1
0.031063 2
0.061767 1
0.030281 2
0.061801 1
0.030557 1
0.030487 1
0.031007 1
0.031235 1
0.030054 1
0.033367 1
0.036068 1
0.063108 1
0.000186 1
0.059137 1
0.001898 1
0.030647 1
0.031217 1
0.060164 1
0.009770 1
0.037156 2
0.061938 1
0.031146 1
0.031682 1
0.030602 1
0.030622 1
0.030894 1
0.030254 1
0.030684 1
0.031051 1
0.051483 1
0.010276 1
0.030889 1
0.031189 1
0.030229 1
0.055602 1
0.006151 1
0.030418 1
0.059293 1
0.002573 1
0.055584 1
0.005982 1
0.056673 1
0.010702 1
0.033403 1
0.030659 1
0.031316 1
0.030457 1
0.030714 1
0.030822 1
0.031900 1
0.036475 1
0.062409 1
0.009030 1
0.031399 1
0.052485 1
0.007752 1
3.365350 1
0.521491 2
0.062294 1
0.058888 1
0.004086 1
0.036643 1
0.036798 2
0.064161 1
0.030037 1
0.033412 1
0.028838 1
0.030674 1
0.031515 1
0.030195 1
0.030811 1
0.031036 1
0.030488 1
0.030841 1
0.030622 1
0.030831 1
0.031100 1
0.030387 1
0.031056 1
0.030453 1
0.434418 78
1.595695 78
0.164127 77
0.151788 77
0.144478 77
0.139419 77
0.139181 77
0.133161 77
0.133732 77
0.123982 77
0.133101 77
0.122534 77
0.172685 77
0.146890 77
0.149855 77
0.153324 77
0.143432 77
0.160039 455
0.182875 72
0.570169 68
3.154290 110
0.252155 76
3.099720 76
0.897677 76
0.266374 76
0.115906 76
0.234766 76
1.934947 76
15.043397 76
0.112326 76
0.583807 76
0.252112 76
0.220815 76
0.138833 76
0.122974 1
6.498624 1
0.537047 1
0.055732 1
0.005260 1
0.031394 1
0.058122 1
0.003098 1
0.041795 1
0.019798 1
0.030768 1
0.030841 2
0.062880 2
0.060100 1
0.030865 1
0.031032 1
0.030453 1
0.034500 1
0.053638 1
0.382613 57
0.290528 57
0.164842 57
0.128305 57
0.112180 57
0.128164 57
0.117991 57
0.120119 57
0.133402 57
0.451187 57
1.929609 56
0.459760 56
0.611485 56
0.434244 56
0.288965 56
0.190051 57
0.572709 56
0.264714 56
0.128190 56
0.097409 1
1.233873 1
0.173867 1
0.144381 1
0.139510 1
0.149993 1
0.149661 1
0.122357 1
0.129810 1
0.138464 2
0.147203 1
0.131335 1
6.974195 9
0.219155 1
0.186982 1
0.410798 1
0.476640 1
0.499280 48
9.278525 48
0.195374 48
0.145365 48
0.671501 48
0.349152 48
0.418923 48
0.751534 48
0.553936 47
3.139875 47
0.221244 47
2.138535 47
0.407176 47
0.228174 47
0.130061 47
1.044891 19
1.458335 18
1.001575 26
1.429853 1
1.121331 23
0.397620 70
0.001597 17
0.008258 1
11.308519 1
0.109201 1
0.491371 1
0.205564 1
1.621155 1
0.890854 1
0.220819 1
0.671782 3
0.132413 1
0.827846 1
0.287795 3
0.199374 1
0.802278 1
0.213929 1
0.682925 1
0.196166 3
0.233595 1
1.012753 1
0.117731 1
0.211182 4
0.621015 1
0.462072 2
0.345224 1
0.726170 1
0.371397 1
0.266415 1
0.133065 1
0.200062 1
0.270493 4
0.565260 1
0.424975 1
0.132861 1
1.940072 1
0.237416 1
0.472059 1
0.277866 1
0.198604 1
0.130804 1
0.107355 2
0.309923 342
0.010730 35
23.903584 6
