0.616839 37
0.042145 31
13.129582 75
0.036154 1
1.519124 2
0.478665 49
0.019627 29
0.022002 21
5.773679 2
0.840496 76
0.026843 17
6.191897 2
0.978068 89
0.039078 45
10.190175 2
0.868762 41
0.070128 29
0.002656 36
7.738260 2
0.840930 630
0.012632 29
0.037358 39
7.428278 2
0.746384 29
0.022570 20
6.314312 2
0.870411 15
0.011135 14
0.007699 16
9.852024 29
0.002868 11
6.856663 2
0.826007 29
0.011746 40
6.663171 2
0.682453 29
0.021123 1
0.766696 1
0.081780 1
0.303820 1
0.296382 1
0.139287 2
0.403828 1212
0.008523 82
17.060543 2
0.845072 29
0.107322 1
0.556049 1
0.097667 1
0.270327 1
0.190622 1
0.155611 1
0.072647 3
0.190054 1
0.282933 1
0.208841 4
0.215264 2
0.560977 657
0.001095 25
11.437790 29
0.002548 63
10.216183 55
0.043896 39
0.113884 29
0.016891 24
8.276964 2
0.891137 29
0.002418 1
0.914561 1
0.079509 1
0.189843 1
0.442194 1
0.291924 1
0.179784 1
0.535229 1
0.572990 4
0.267280 2
0.649043 640
0.002623 12
8.177930 2
0.670016 29
0.010083 43
13.827303 2
0.849537 51
0.038025 43
0.058007 29
15.002984 11
3.132791 2
0.846155 29
0.020478 1
1.631065 1
0.077572 1
0.242153 1
0.124220 1
0.393332 1
0.169731 1
1.033218 1
0.411924 1
0.174319 1
0.652113 2
0.138814 2
0.468315 38
0.002031 11
2.730309 4
0.514211 4
0.251306 4
0.139263 4
0.354339 1
0.321934 1
0.304242 3
0.119312 2
0.702143 1180
0.002879 6
