0.163692 37
0.036189 5
10.752123 2
0.803298 687
0.008806 33
15.836285 2
1.059422 79
0.027910 1
1.789064 2
0.942727 50
0.017305 29
0.040284 53
13.617420 2
0.916346 89
0.054474 1
1.858395 2
2.122900 53
0.000350 38
0.005959 29
0.002618 33
12.052178 2
0.900500 628
0.020996 29
0.029559 35
7.405634 2
0.614389 29
0.030963 58
11.170908 98
0.012226 257
0.002631 38
0.001939 58
0.002488 118
0.213687 207
0.009637 542
0.030464 33
0.010696 38
0.601170 97
0.013581 43
0.378499 28
21.326033 173
0.000764 87
0.560300 15
0.008294 14
0.019928 56
21.055285 46
1.423293 74
2.306006 2
1.140661 29
0.041215 12
7.071008 2
1.195823 15
0.098773 22
0.000432 38
6.349255 2
1.699088 40
0.264544 60
0.091510 67
0.016272 35
0.901532 116
10.093081 2
1.330947 106
0.113805 94
0.449889 95
0.049375 92
0.009994 105
0.008258 98
0.040730 94
0.127913 95
0.021731 92
0.005604 105
0.012957 98
0.010631 32
0.093000 39
0.008380 32
0.012731 31
0.321379 36
1.930842 30
0.556346 44
0.068691 52
0.002671 33
0.002591 42
0.140967 24
1.528561 31
7.200853 44
0.097246 34
0.002669 53
0.002470 32
0.066167 34
0.012322 40
0.011715 36
0.017454 38
0.018484 49
0.022315 42
0.323896 39
0.026315 35
0.028969 36
0.458156 32
0.005860 34
0.078349 36
0.034696 32
0.077500 60
0.109171 65
0.333827 43
0.024069 47
0.978125 27
0.018239 32
0.218511 25
0.007550 30
0.262438 56
0.003280 46
0.014710 47
0.003200 29
0.006813 34
5.994820 92
5.073959 19
0.083778 17
0.000685 26
2.788744 2
0.954382 52
0.094620 88
0.006796 33
6.903652 2
0.584809 65
0.070023 17
0.000665 39
10.048449 55
0.042333 36
0.382236 36
0.009768 1
6.269809 1
0.103465 1
0.282847 1
0.241011 1
0.123258 2
0.535294 1158
0.011348 28
11.260352 2
0.807321 29
0.004194 597
0.020755 71
0.036104 6
0.034194 44
0.051945 29
10.767727 2
0.926186 36
0.034988 48
8.438336 2
0.918906 36
8.049468 44
7.354118 36
0.024767 11
16.026663 2
0.914002 36
0.088231 29
7.264739 2
1.135242 36
0.029098 82
7.793288 2
1.214262 36
0.115213 1
11.583040 1
0.086657 1
0.584751 1
0.170132 1
0.169381 1
0.076532 3
0.550321 1
0.308044 1
0.211460 4
0.214818 2
0.745272 596
0.001822 6
6.467020 29
0.013139 6
